12296
12401
12176
12414
11767
12458
12407
12551
12363
12526
11865
12353
12159
12504
12130
11616
12347
12201
12473
12368
12196
12274
12064
12398
12733
12620
12402
12231
12442
12360
12567
11650
12334
12543
12108
12523
12256
12524
12642
12040
12404
12408
12606
12094
12484
12457
12459
12326
12307
12282
12276
12459
12107
12474
12410
12109
12308
12471
12588
12473
12338
12499
12233
12453
12448
12541
12488
12497
12230
12393
12335
12446
11503
12304
12612
12378
12108
12684
12422
12557
12441
12334
12400
12369
11734
12237
12631
12289
11773
12460
12366
12355
12502
12323
12543
12271
12415
12227
12711
12370

