7610
7249
5768
6402
7815
7619
6384
5406
5745
5841
7395
7642
5213
5903
5793
6445
3286
4308
5656
6782
8526
7504
5310
6852
6586
5104
6294
4795
5437
4900
6833
6285
5547
6978
4354
6937
6922
4720
5332
5526
5085
5714
3857
6345
6166
6072
7533
4729
4638
5946
7866
5479
5693
5252
3982
6803
7229
8244
7298
7048
6342
7310
6030
4111
5915
4767
6123
6037
6753
7109
7129
6987
4711
7109
3916
10289
6587
5911
9150
5242
6075
5126
4754
8549
6342
5985
5374
6793
7408
8328
4662
5207
7430
8268
8000
5879
5164
6512
4726
6293
